1224597600 9464
1229565958 11532
1231552285 11732
1231553062 11732
1232064733 11933
1232064967 11933
1232489040 12050
1232489140 12050
1232612024 12138
1232612173 12138
1234309445 12626
1234558673 12512
1235069855 12453
1236063281 12969
1236117872 12453
1236133731 0
1236137547 13018
1236292478 13030
1236624734 13064
1236798718 13120
1236974664 13141
1237331328 13141
1237423188 13608
1237529336 13665
1237942783 13727
1237942886 13789
1237943075 13744
1237943179 13750
1237943321 13743
1237943417 13736
1237943509 13738
1237943561 13740
1237944618 13742
1237944822 13730
1237944916 13721
1237945949 13721
1237945993 13721
1237949283 13721
1237952482 13676
1237952560 13682
1237952578 13637
1237952651 13643
1237953633 13645
1237953770 13633
1237953854 13635
1237953855 13626
1237953992 13614
1237954075 13605
1237954670 13626
1237954869 13626
1237954895 13626
1237954948 13647
1237955137 13647
1237955172 13647
1237960072 13647
1238019041 13647
1238019764 13653
1238019835 13658
1238022832 13664
1238022903 13669
1238025868 13675
1238026053 13680
1238087303 13668
1238092954 13669
1238110106 13640
1238128510 13640
1238193072 13640
1238198293 13628
1238199234 13629
1238200477 13638
1238203573 13609
1238204891 13597
1238204913 13597
1238205191 13598
1238206760 13569
1238207998 13569
1238208321 13569
1238209431 13578
1238212100 13587
1238342111 13587
1238453547 13671
1238519540 13719
1238523077 13803
1238526542 13812
1238534441 13896
1238535345 13944
1238535477 13992
1238535815 14001
1238536748 14010
1238549085 14080
1238549103 14150
1238549133 14220
1238560466 14220
1238715562 14285
1238715735 14350
1238717744 14356
1238733726 14291
1238740277 14356
1238740349 14356
1238740739 14362
1238740808 14362
1238804395 14362
1238804513 14362
1238804690 14362
1238804762 14362
1239130109 14306
1239137706 14250
1239153315 14236
1239163720 14377
1239175838 14180
1239175912 14180
1239176320 14182
1239176394 14182
1239220094 14177
1239224489 14182
1239241410 14377
1239311546 14372
1239311576 14367
1239311623 14367
1239312044 14372
1239312084 14377
1239312121 14377
1239405500 14377
1239736243 14377
1239758295 14377
1239827420 14370
1240286593 14000
1240445558 14370
1240448219 14370
1240450398 14370
1240513155 14363
1240538421 13970
1240538497 13970
1240606502 13970
1240957105 13969
1240981048 13969
1241037807 13969
1241129518 13973
1241135314 13973
1241136221 13973
1241136644 13973
1241137471 13973
1241137521 13973
1241137702 13973
1241137891 13973
1241137936 13973
1241138256 13973
1241140383 13973
1241485423 13973
1241485461 13973
1241656993 13975
1241657853 13975
1241737925 13976
1241813708 13976
1241813859 13976
1241814097 13976
1241818051 13978
1241818388 13978
1241818417 13978
1242067846 13983
1242079430 13983
1242079478 13983
1242085244 13978
1242091358 14005
1242091610 14005
1242174941 14025
1242180383 14025
1242181150 14041
1242244341 14041
1242348219 14046
1242348500 14046
1242682670 14046
1242716176 14046
1243040923 14046
1243109514 14046
1243893299 14052
1243895644 14088
1243895820 14088
1243897901 14088
1243928166 14088
1243928180 14088
1243928181 14088
1244501574 14093
1244530365 14093
1244577441 15280
1244627317 15286
1244645074 15286
1244645076 15286
1244660037 15290
1244661676 15290
1244661968 15358
1244662199 15358
1244671878 15390
1244673143 15390
1244673229 15390
1244743971 15392
1244745721 15392
1244750863 15413
1244751421 15413
1244753906 15424
1244754609 15424
1244755547 15419
1244755625 15419
1244807980 15419
1244807981 15419
1244839937 15422
1245039153 15422
1245183173 15549
1245183929 15423
1245185278 15460
1245185355 15460
1245195783 15460
1245195787 15460
1245259234 15474
1245259723 15477
1245260504 15477
1245278340 15477
1245278348 15477
1245280738 15480
1245300554 15549
1245300579 15549
1245446931 15550
1245455022 15550
1245803694 15561
1245804899 15561
1245876346 15570
1245883512 15570
1245889539 15582
1245889751 15582
1245890325 15582
1245890366 15582
1245890447 15582
1245899316 15584
1245900950 15584
1246037467 15586
1246037544 15586
1246060659 15586
1246311680 15586
1246331994 15586
1246404064 15640
1246472342 15640
1246491586 15643
1246513480 15643
1246569584 15537
1246575501 15563
1246575937 15537
1246582019 15563
1246634281 15563
1246904237 15563
1246904267 15563
1246904270 15563
1246906278 15566
1246911153 15566
1247053105 15564
1247061983 15564
1247176647 15542
1247176793 15542
1247525301 16485
1247529563 16485
1247543170 16485
1247543212 16485
1247592091 16485
1247602731 16485
1247602894 16485
1247605088 16500
1247608285 16500
1247608377 16500
1247616782 16500
1247696384 16501
1247706898 16501
1247775661 16783
1247791504 16816
1247813214 16816
1247819080 16816
1247821730 16816
1247864298 16816
1247865530 16818
1247867967 16818
1247869722 16811
1247872660 16811
1247873355 16815
1247873791 16815
1247875989 16815
1248060005 16815
1248060009 16815
1248060014 16815
1248060018 16815
1248060519 16815
1248136846 16872
1248158052 16872
1248198943 14946
1248198966 14946
1248200016 14946
1248212291 14946
1248278441 14946
1248278480 14946
1248287261 14946
1248287262 14946
1248325010 14943
1248476932 14943
1248480920 14967
1248569283 14967
1248633836 14967
1248815946 14960
1248820471 14960
1248830807 15003
1248974107 15003
1248986257 15004
1249066484 15034
1249066894 14981
1249076211 14985
1249082500 15082
1249110080 15273
1249341093 18216
1249416270 15380
1249533136 15223
1249584475 15221
1249616072 16015
1249680820 16164
1249782833 16475
1249790064 16475
1249795920 16350
1249796009 16350
1249942215 16110
1249971669 16124
1250027009 16128
1250035742 16261
1250036047 16691
1250037389 16690
1250099848 16128
1250103008 16261
1250138452 16303
1250189323 18216
1250193204 16883
1250197093 16883
1250199327 16883
1250207418 16882
1250224613 16786
1250521383 17036
1250528475 18218
1250540116 18218
1250642056 18182
1250802487 18173
1250822022 16942
1250899018 17036
1251419136 18173
1251477498 17046
1251500238 17089
1251598668 17072
1251754483 17191
1251930444 17427
1251932241 17427
1251995982 17476
1251996078 17476
1252003123 17488
1252013785 17493
1252077076 17493
1252385271 17508
1252438462 17890
1252644797 17509
1252686784 17890
1252699162 18237
1252705790 17988
1252715391 17986
1252715483 17986
1252965346 18020
1252966692 18037
1252966725 18037
1252967178 18050
1252967929 18050
1252969505 18050
1252976836 18050
1252992618 18051
1253041645 18098
1253045219 18082
1253049189 18138
1253065810 18134
1253115854 18135
1253145261 18153
1253307355 18202
1253492656 18216
1253560411 19392
1253560633 18173
1253560984 18179
1253561415 18179
1253561563 18215
1253561879 18215
1253586853 18215
1253665911 18217
1253719922 18238
1253742202 18238
1253742300 18238
1253744148 18255
1253755254 18250
1253819989 17827
1253839861 17722
1253861874 19391
1253900357 17751
1253912399 17768
1253925047 17776
1254085300 17776
1254099104 17782
1254163073 17812
1254168230 17792
1254188929 17820
1254243034 17820
1254255939 17820
1254263302 17805
1254266359 17806
1254266380 17806
1254273278 17816
1254273800 17816
1254357125 17804
1254375380 17804
1254431310 17812
1254431355 17816
1254432084 17816
1254432616 17821
1254458743 17877
1254458876 17877
1254504134 17879
1254524812 17885
1254534198 18311
1254534260 18311
1254848262 18312
1254853063 18037
1254853185 18037
1254857682 18047
1254860370 18012
1254864392 18017
1254864795 17979
1254870123 17982
1254871557 17982
1254873205 17985
1254874748 17985
1254882330 18125
1254936377 18128
1254936951 18133
1254938303 18131
1254940640 18131
1254970683 18151
1255127812 18147
1255466067 18151
1255479515 19107
1255479550 19202
1255479630 19107
1255544028 19109
1255576574 19174
1255646454 19206
1255651163 19227
1255654783 19229
1255661296 19235
1255661383 19247
1255666749 19287
1255667361 19288
1255730852 18772
1255739003 18791
1255739085 18791
1255982143 18171
1255988745 18214
1255997016 18222
1256065588 18222
1256065638 18222
1256072760 18333
1256074133 18328
1256087995 18340
1256150191 18342
1256151647 18314
1256244921 18319
1256245453 18319
1256249235 18319
1256250732 18319
1256339716 18339
1256683122 18345
1256757421 18354
1256759269 18368
1256761834 18374
1256789941 18372
1256851649 18386
1256851675 18384
1256936614 18384
1256945816 18475
1256947204 18475
1257021122 18482
1257024456 18494
1257028200 18493
1257028460 18467
1257031051 18470
1257033030 18475
1257176508 18478
1257176522 18478
1257181271 18502
1257200119 18512
1257272225 18535
1257285574 18528
1257360512 18526
1257366355 18525
1257369421 18525
1257375644 18515
1257375677 18515
1257453024 18536
1257453687 18540
1257454952 18549
1257457345 18546
1257470262 18595
1257477593 18595
1257495337 18604
1257536695 18624
1257542704 18620
1257545303 18624
1257549479 18811
1257560736 18760
1257699279 18636
1257704430 18708
1257705071 18712
1257705570 18714
1257707647 18715
1257709003 18717
1257720985 18776
1257723100 18761
1257723138 18761
1257724453 18776
1257724467 18776
1257726220 18776
1257744844 18776
1257811683 19056
1257823199 19055
1257828188 19163
1257829438 19191
1257840152 19221
1257850481 19277
1257883015 19271
1257883799 19270
1257887653 19300
1257894402 19381
1257906373 19384
1257956209 19363
1257979931 19424
1257984323 19426
1257994468 19454
1257996082 19453
1258012415 19412
1258057245 19412
1258059847 19410
1258061606 19412
1258061764 19413
1258061816 19413
1258062429 19418
1258063243 19412
1258064623 19407
1258076374 19414
1258078759 19414
1258081083 19414
1258084900 19495
1258130348 19495
1258140190 19500
1258140630 19500
1258146778 19500
1258156122 19500
1258157894 19500
1258161777 19462
1258163316 19462
1258170033 19462
1258170239 19462
1258304731 19462
1258409887 19470
1258418691 19469
1258419056 19469
1258424451 19483
1258425142 19484
1258425213 19484
1258426483 19485
1258475394 19485
1258475402 19485
1258507936 19612
1258562911 19612
1258593721 19620
1258595002 19620
1258654992 19620
1258655329 19621
1258662288 19623
1258663917 19627
1258665366 19624
1258668396 19631
1258669157 19635
1258682736 19630
1258751801 19631
1258754257 19630
1258755106 19630
1258755220 19631
1258756179 19631
1258758139 19631
1258839485 19632
1258841284 19626
1258997338 19626
1259010446 19626
1259010491 19626
1259083761 19626
1259097234 19659
1259098660 19659
1259099610 19659
1259105658 19659
1259109269 19661
1259599166 19661
1259609870 19661
1259610610 19661
1259611004 19661
1259687195 19661
1259713178 19652
1259772599 19652
1259782625 19652
1259786980 19652
1259794620 19650
1259795087 19650
1259813407 19653
1259813853 19653
1259817395 19657
1259859600 19657
1259874649 19665
1259947455 19665
1260307778 19665
1260320522 19670
1260323482 19670
1260377434 19670
1260392466 19680
1260398810 19680
1260408415 19682
1260464507 19682
1260557991 19682
1260566594 19682
1260567534 19684
1260841491 19688
1260842667 19688
1260915559 19688
1263249186 19688
1263256772 19688
1263338354 39042
1263485815 39046
1263515929 39046
1263594591 39046
1263951994 39046
1264019903 39046
1264470039 39047
1264651183 39047
1264802965 39047
1265074039 39047
1265386180 39047
1265790978 37893
1265833013 39047
1265940948 39047
1266005565 39103
1266018706 39103
1266114042 39106
1266117173 37893
1266159445 39108
1266383302 39110
1266535912 37758
1266542495 37759
1266599123 37814
1266613840 37814
1266878770 37813
1267049647 37813
1267086203 38019
1267484274 37835
1267485996 37814
1267653905 37848
1267683361 37903
1267705528 37905
1267736940 37845
1268236061 37891
1268336685 37888
1268336693 37867
1268360900 37867
1268631854 38014
1268901253 38019
1268933276 37888
1268933283 37891
1269182811 37872
1269183516 37893
1269374956 38013
1269980664 38019
1269980673 38019
1269980701 37896
1269980721 37893
1269980731 37872
1269982478 37872
1270002512 37894
1270052154 37895
1270129834 37895
1270352031 37912
1270376849 37895
1270394569 37893
1270406171 37912
1270427485 37912
1270533631 37925
1270680604 37927
1270693838 37932
1270707575 37928
1270829096 37928
